../sample_graphs/test1.gr.new
seq
1.463
1.442
1.470
par 1
1.448
1.520
1.449
par 2
0.733
0.730
0.745
par 4
0.394
0.405
0.385
par 8
0.294
0.274
0.273
par 12
0.309
0.288
0.299
par 16
0.308
0.309
0.309
../sample_graphs/test2.gr.new
seq
1.363
1.363
1.363
par 1
1.360
1.361
1.360
par 2
0.741
0.687
0.685
par 4
0.370
0.362
0.362
par 8
0.256
0.260
0.263
par 12
0.247
0.247
0.246
par 16
0.299
0.289
0.290
../sample_graphs/test3.gr.new
seq
0.002
0.002
0.002
par 1
0.002
0.002
0.002
par 2
0.002
0.001
0.002
par 4
0.023
0.023
0.023
par 8
0.085
0.085
0.084
par 12
0.136
0.124
0.125
par 16
0.197
0.205
0.207
../sample_graphs/test4.gr.new
seq
1.401
1.424
1.401
par 1
1.390
1.390
1.391
par 2
0.701
0.701
0.752
par 4
0.374
0.374
0.400
par 8
0.261
0.263
0.262
par 12
0.258
0.257
0.257
par 16
0.290
0.299
0.290
