random 1000
seq
1.462
1.447
1.446
par 1
1.451
1.451
1.452
par 2
0.731
0.731
0.732
par 4
0.450
0.362
0.395
par 8
0.277
0.281
0.247
par 12
0.273
0.321
0.295
par 16
0.329
0.283
0.298
random 2000
seq
11.982
11.932
12.865
par 1
5.509
12.091
13.263
par 2
5.512
5.527
5.556
par 4
2.780
2.989
2.786
par 8
1.482
1.537
1.500
par 12
1.077
1.043
1.042
par 16
0.931
0.912
0.917
random 3000
seq
39.986
40.052
39.895
par 1
43.357
40.757
42.752
par 2
21.588
9.973
13.334
par 4
6.894
7.845
6.813
par 8
3.361
3.541
4.333
par 12
3.542
3.473
3.479
par 16
2.678
2.715
2.701
