Run the asp program with the following parameters. 
 -read filename :: reads the graph from a file.
 -random N 0/1 :: generates a NxN graph, randomly. 
               :: if 1, the graph is oriented, otherwise it is not oriented
k = 0: 0 101 205 197 132 63 215 229 6 239 151 79 63 53 116 64 124 152 71 166 
k = 1: 216 0 51 142 235 206 76 91 17 185 220 58 188 210 26 59 79 74 127 74 
k = 2: 201 234 0 161 184 103 135 236 207 190 237 71 204 194 194 82 47 74 218 24 
k = 3: 86 72 123 0 156 28 148 163 89 91 209 107 149 41 98 60 11 49 75 146 
k = 4: 94 109 160 37 0 56 185 23 100 43 234 144 157 53 135 97 48 1 112 68 
k = 5: 5 36 41 34 137 0 112 127 11 125 56 33 68 33 62 69 45 83 36 65 
k = 6: 132 157 164 112 75 131 0 90 138 85 187 164 62 14 183 172 48 76 127 41 
k = 7: 51 73 87 18 135 46 149 0 11 109 102 79 114 19 99 78 29 67 82 111 
k = 8: 17 116 61 106 69 80 132 92 0 112 111 96 80 70 133 29 85 70 57 54 
k = 9: 87 132 73 77 139 105 202 59 70 0 72 95 150 47 158 99 52 126 32 97 
k = 10: 66 111 110 56 118 84 181 38 49 147 0 60 35 57 137 78 67 105 93 101 
k = 11: 32 63 49 61 44 27 127 67 38 87 76 0 21 60 89 67 66 45 63 73 
k = 12: 19 40 33 43 20 14 46 43 25 63 24 47 0 47 66 1 23 21 50 57 
k = 13: 18 78 63 14 71 42 123 80 2 105 42 75 77 0 20 31 25 63 59 56 
k = 14: 42 82 75 38 62 56 10 85 26 95 66 89 42 24 0 43 24 63 83 35 
k = 15: 63 94 99 56 19 58 91 42 53 62 103 87 108 61 81 0 67 20 94 2 
k = 16: 85 123 128 81 48 87 89 71 69 91 109 116 129 67 87 29 0 49 67 31 
k = 17: 81 141 105 77 113 105 49 91 65 32 99 127 111 63 77 94 84 0 19 30 
k = 18: 42 111 104 84 47 85 88 70 46 71 36 84 71 89 109 72 94 39 0 69 
k = 19: 28 94 85 95 82 90 111 105 34 108 108 63 84 81 101 63 106 76 91 0 
 0 99 67 67 54 63 83 77  6 87 87 79 63 53 73 35 78 55 63 37 
34  0 51 64 65 82 36 88 17 98 92 58 68 50 26 46 50 66 74 48 
52 118  0 119 95 98 123 118 58 106 116 71 92 105 125 76 47 74 93 24 
33 64 69  0 59 28 71 82 39 81 83 61 82 41 61 40 11 49 64 42 
51 92 95 37  0 56 50 23 34 33 56 89 91 42 62 63 48  1 20 31 
 5 36 41 34 59  0 63 82 11 92 56 33 54 33 53 40 45 60 36 42 
32 92 77 28 64 56  0 87 16 85 56 89 62 14 34 45 39 65 73 41 
28 73 72 18 59 46 49  0 11 92 61 79 81 19 39 40 29 60 68 42 
17 116 61 84 48 80 98 71  0 81 93 94 80 70 90 29 85 49 57 31 
65 125 73 61 79 89 77 59 49  0 68 95 103 47 67 78 52 71 32 80 
54 75 68 56 55 49 81 38 49 88  0 60 35 57 77 36 58 56 75 38 
32 61 49 61 41 27 67 64 38 74 45  0 21 60 80 22 44 42 61 24 
19 40 33 43 20 14 46 43 25 53 24 47  0 47 66  1 23 21 40  3 
18 78 63 14 50 42 30 73  2 83 42 75 62  0 20 31 25 51 59 33 
42 82 75 38 62 56 10 85 26 95 66 89 42 24  0 43 24 63 82 35 
30 94 87 56 19 58 69 42 36 52 75 65 86 61 81  0 67 20 39  2 
59 123 116 81 48 87 89 71 65 81 103 94 115 67 87 29  0 49 67 31 
58 124 105 77 66 104 49 89 64 32 55 93 90 63 77 91 84  0 19 30 
42 111 104 84 47 85 88 70 46 71 36 84 71 89 109 72 94 39  0 69 
28 94 85 95 82 90 111 105 34 108 108 63 84 81 101 63 106 76 91  0 
