--size 3 --twists 11
seq
10567
10431
10408
par 1
13354
13140
13167
par 2
6221
6222
6154
par 4
3171
3159
3261
par 8
1815
1833
1824
par 12
1391
1406
1386
par 16
1213
1198
1201
--size 3 --twists 12
seq
123376
122084
122371
par 1
159731
159516
160083
par 2
69400
70192
69666
par 4
33561
33383
33147
par 8
16796
16705
16730
par 12
11460
11565
11515
par 16
8903
8864
8901
--size 4 --twists 11
seq
210714
209992
207685
par 1
245730
246753
244349
par 2
112894
114271
112576
par 4
53966
54111
55500
par 8
26507
26693
27817
par 12
17905
17768
17856
par 16
13459
13658
13396
